d 2015 01 01 00 52 00 MITA           393  2153   263  1431 2457023.53611   2.19  -2.98
d 2015 01 02 11 39 11 KANZ           532  2841   337  1762 2457024.98554   1.49  -3.15
d 2015 01 03 08 20 52 KANZ           555  3175   314  1784 2457025.84782   1.07  -3.25
d 2015 01 04 11 01 07 KANZ           514  3143   299  1783 2457026.95911   0.53  -3.37
d 2015 01 05 09 49 57 KANZ           374  2389   207  1304 2457027.90969   0.07  -3.48
d 2015 01 06 12 23 52 KANZ           291  1739   178  1068 2457029.01657  -0.46  -3.61
d 2015 01 07 12 04 08 KANZ           279  1296   203   978 2457030.00287  -0.94  -3.71
d 2015 01 08 11 59 28 KANZ           334  1645   256  1285 2457030.99963  -1.42  -3.82
d 2015 01 09 11 54 52 KANZ           385  2169   267  1487 2457031.99644  -1.89  -3.93
d 2015 01 10 11 23 25 KANZ           339  2033   226  1345 2457032.97459  -2.36  -4.04
d 2015 01 11 13 53 02 UCCL           402  2146   273  1465 2457034.07850  -2.89  -4.16
d 2015 01 12 12 07 56 KANZ           403  2236   291  1577 2457035.00551  -3.33  -4.25
d 2015 01 13 10 26 58 KANZ           311  1688   234  1300 2457035.93539  -3.77  -4.35
d 2015 01 14 10 37 01 KANZ           185  1036   109   583 2457036.94237  -4.25  -4.45
d 2015 01 15 12 45 57 KANZ           133   767    82   461 2457038.03191  -4.76  -4.56
d 2015 01 16 00 01 00 MITA           160   662    92   417 2457038.50069  -4.98  -4.61
d 2015 01 17 10 15 00 UCCL            84   411    55   264 2457039.92708  -5.64  -4.75
d 2015 01 18 08 31 57 KANZ            78   351    52   235 2457040.85552  -6.07  -4.84
d 2015 01 19 08 18 04 KANZ           139   809    82   477 2457041.84588  -6.52  -4.93
d 2015 01 20 11 44 12 KANZ           128   698    84   448 2457042.98903  -7.04  -5.04
d 2015 01 21 07 51 31 KANZ           107   458    58   251 2457043.82744  -7.42  -5.12
d 2015 01 22 09 53 16 KANZ            87   521    95   617 2457044.91199  -7.91  -5.22
d 2015 01 23 10 55 29 KANZ           123   750   133   834 2457045.95520  -8.38  -5.31
d 2015 01 24 11 22 51 UCCL           154   907   136   768 2457046.97420  -8.83  -5.40
d 2015 01 25 11 06 14 KANZ           183  1173   136   812 2457047.96266  -9.26  -5.48
d 2015 01 26 07 49 37 KANZ           326  1649   193   955 2457048.82612  -9.64  -5.55
d 2015 01 27 01 17 00 MITA           498  2492   271  1348 2457049.55347  -9.95  -5.61
d 2015 01 28 14 09 00 KANZ           492  2869   272  1770 2457051.08958 -10.61  -5.74
d 2015 01 29 12 25 49 KANZ           537  2984   408  2226 2457052.01793 -11.00  -5.81
d 2015 01 30 06 28 55 SHMI           551  2765   428  2138 2457052.77008   0.07  -5.87
d 2015 01 31 08 05 22 KANZ           415  2258   325  1731 2457053.83706 -11.75  -5.94
d 2015 02 01 00 38 00 MITA           350  2032   253  1600 2457054.52639 -12.04  -5.99
d 2015 02 02 13 01 50 KANZ           195  1206   131   839 2457056.04294 -12.65  -6.10
d 2015 02 03 07 55 32 KANZ           210  1133   135   841 2457056.83023 -12.97  -6.16
d 2015 02 04 10 29 12 KANZ           325  1517   195   951 2457057.93694 -13.40  -6.23
d 2015 02 05 13 39 14 UCCL           289  1373   172   815 2457059.06891 -13.85  -6.30
d 2015 02 06 10 36 00 UCCL           242  1088   138   637 2457059.94167 -14.18  -6.36
d 2015 02 07 09 53 46 KANZ           252  1060   145   616 2457060.91234 -14.55  -6.42
d 2015 02 08 12 07 29 KANZ           333  1440   211   957 2457062.00520 -14.96  -6.48
d 2015 02 09 04 01 00 MITA           292  1475   194   978 2457062.66736 -15.21  -6.52
d 2015 02 10 11 32 09 KANZ           210  1175   147   886 2457063.98066 -15.69  -6.59
d 2015 02 11 07 18 34 KANZ           177   902   129   675 2457064.80456 -15.98  -6.63
d 2015 02 12 07 48 02 KANZ           134   797    99   562 2457065.82502 -16.35  -6.69
d 2015 02 13 10 18 07 KANZ           140   805   108   598 2457066.92925 -16.73  -6.74
d 2015 02 14 11 38 34 KANZ           108   791    58   436 2457067.98512 -17.10  -6.79
d 2015 02 15 08 20 30 KANZ           114   678    61   367 2457068.84757 -17.39  -6.83
d 2015 02 16 11 24 59 KANZ            67   502    40   303 2457069.97568 -17.76  -6.87
d 2015 02 17 07 08 48 KANZ            57   409    40   281 2457070.79778 -18.03  -6.91
d 2015 02 18 15 23 14 KANZ            62   335    67   319 2457072.14113 -18.46  -6.96
d 2015 02 19 08 36 49 KANZ            63   333    64   347 2457072.85890 -18.69  -6.98
d 2015 02 20 08 10 29 KANZ            76   241    62   263 2457073.84061 -18.99  -7.01
d 2015 02 21 13 30 54 KANZ            32   183    27   170 2457075.06313 -19.36  -7.05
d 2015 02 22 11 14 23 UCCL            31   158    18    90 2457075.96832 -19.63  -7.08
d 2015 02 23 08 22 37 KANZ            37   253    24   155 2457076.84904 -19.89  -7.10
d 2015 02 24 14 53 35 UCCL            54   282    32   164 2457078.12054 -20.25  -7.13
d 2015 02 25 17 45 02 MLSO            20   233    12   129 2457079.23961 -20.56  -7.16
d 2015 02 26 15 08 57 KANZ            21   112    16    72 2457080.13122 -20.81  -7.17
d 2015 02 27 06 41 08 KANZ            67   300    40   177 2457080.77856 -20.98  -7.19
d 2015 02 28 09 29 39 KANZ           157   624    89   359 2457081.89559 -21.27  -7.20
d 2015 03 01 13 02 49 KANZ           107   558    82   407 2457083.04362 -21.56  -7.22
d 2015 03 02 14 08 33 UCCL           136   675    92   630 2457084.08927 -21.82  -7.23
d 2015 03 03 16 03 37 KANZ           105   512    77   368 2457085.16918 -22.08  -7.24
d 2015 03 04 08 45 33 KANZ            54   284    43   231 2457085.86497 -22.25  -7.24
d 2015 03 05 13 21 34 KANZ            37   149    38   192 2457087.05664 -22.52  -7.25
d 2015 03 06 13 23 34 KANZ            16   172    15   540 2457088.05803 -22.74  -7.25
d 2015 03 07 12 15 31 KANZ            32   230    58   393 2457089.01078 -22.95  -7.25
d 2015 03 08 13 50 28 KANZ            59   366    58   386 2457090.07671 -23.17  -7.25
d 2015 03 09 13 07 56 UCCL           115   707    85   519 2457091.04718 -23.37  -7.24
d 2015 03 10 15 23 58 KANZ           128   896    77   539 2457092.14164 -23.58  -7.23
d 2015 03 11 13 49 00 KANZ           254  1354   137   731 2457093.07569 -23.76  -7.23
d 2015 03 12 14 55 58 KANZ           360  1642   185   866 2457094.12220 -23.95  -7.21
d 2015 03 13 08 42 08 KANZ           283  1490   146   764 2457094.86259 -24.08  -7.20
d 2015 03 14 15 06 53 KANZ           272  1329   144   703 2457096.12978 -24.29  -7.18
d 2015 03 15 08 00 10 KANZ           203  1250   116   704 2457096.83345 -24.41  -7.17
d 2015 03 16 08 20 22 KANZ           152   883    98   566 2457097.84748 -24.57  -7.15
d 2015 03 17 09 30 00 UCCL           131   709   121   667 2457098.89583 -24.73  -7.13
d 2015 03 18 12 44 59 KANZ           138   609   156   698 2457100.03124 -24.89  -7.10
d 2015 03 19 08 47 29 KANZ            73   409    93   528 2457100.86631 -25.00  -7.08
d 2015 03 20 06 22 14 KANZ            40   297    36   476 2457101.76544 -25.12  -7.05
d 2015 03 21 12 50 39 KANZ            60   446    64   441 2457103.03517 -25.27  -7.01
d 2015 03 22 15 01 30 KANZ           150   802   121   649 2457104.12604 -25.40  -6.98
d 2015 03 23 08 41 31 UCCL           198  1163   147   873 2457104.86216 -25.48  -6.95
d 2015 03 24 09 04 53 KANZ           222  1384   162   998 2457105.87839 -25.58  -6.92
d 2015 03 25 00 22 00 MITA           263  1594   182  1067 2457106.51528 -25.64  -6.89
d 2015 03 26 00 39 00 MITA           240  1707   136   975 2457107.52708 -25.74  -6.85
d 2015 03 27 08 20 57 UCCL           307  1769   182   995 2457108.84788 -25.85  -6.79
d 2015 03 28 07 39 45 KANZ           185  1439   103  1192 2457109.81927 -25.92  -6.75
d 2015 03 29 09 07 07 KANZ           213  1433   130   974 2457110.87994 -25.99  -6.70
d 2015 03 30 07 37 52 KANZ           193  1089   126   708 2457111.81796 -26.05  -6.66
d 2015 03 31 09 37 25 KANZ           142   770   126   674 2457112.90098 -26.10  -6.60
d 2015 04 01 14 56 09 UCCL            86   489   109   657 2457114.12233 -26.16  -6.54
d 2015 04 02 08 48 53 KANZ            65   321   117   593 2457114.86728 -26.18  -6.49
d 2015 04 03 12 04 14 KANZ            48   178    39   155 2457116.00294 -26.22  -6.43
d 2015 04 04 06 28 18 SHMI            67   254    70   259 2457116.76965   0.07  -6.38
d 2015 04 05 07 40 23 KANZ           101   482    71   359 2457117.81971 -26.26  -6.32
d 2015 04 06 06 45 53 KANZ           139   644    78   379 2457118.78186 -26.27  -6.26
d 2015 04 07 11 05 47 KANZ           146   708    75   369 2457119.96235 -26.27  -6.19
d 2015 04 08 10 10 17 KANZ           111   694    55   348 2457120.92381 -26.26  -6.12
d 2015 04 09 07 19 44 KANZ           114   525    59   273 2457121.80537 -26.25  -6.06
d 2015 04 10 05 53 42 KANZ            80   452    43   250 2457122.74563 -26.23  -6.00
d 2015 04 11 06 50 00 KANZ            89   491   110   888 2457123.78472 -26.21  -5.93
d 2015 04 12 08 58 37 KANZ           200  1031   216  1200 2457124.87404 -26.17  -5.85
d 2015 04 13 05 27 27 KANZ           203  1327   180  1444 2457125.72740 -26.14  -5.78
d 2015 04 14 08 24 57 KANZ           311  2095   302  1964 2457126.85066 -26.08  -5.70
d 2015 04 15 07 46 07 KANZ           373  2262   293  1762 2457127.82369 -26.03  -5.62
d 2015 04 16 06 10 01 KANZ           403  2384   265  1549 2457128.75696 -25.97  -5.55
d 2015 04 17 09 27 17 UCCL           467  2891   301  1871 2457129.89395 -25.89  -5.46
d 2015 04 18 13 50 16 KANZ           324  2368   193  1393 2457131.07657 -25.79  -5.36
d 2015 04 19 06 16 44 KANZ           379  2446   220  1417 2457131.76162 -25.74  -5.30
d 2015 04 20 13 41 21 KANZ           322  2040   194  1205 2457133.07038 -25.61  -5.19
d 2015 04 21 13 38 20 KANZ           364  2112   252  1703 2457134.06829 -25.51  -5.10
d 2015 04 22 13 02 21 KANZ           308  1742   199  1185 2457135.04330 -25.41  -5.02
d 2015 04 23 06 13 32 KANZ           280  1500   216  1134 2457135.75940 -25.32  -4.95
d 2015 04 24 07 14 11 KANZ           241  1273   171  1042 2457136.80152 -25.20  -4.86
d 2015 04 25 06 11 53 KANZ           237  1290   168   978 2457137.75825 -25.07  -4.77
d 2015 04 26 06 01 52 KANZ           152   941   143   948 2457138.75130 -24.94  -4.68
d 2015 04 27 06 50 58 KANZ            62   532    65   540 2457139.78539 -24.79  -4.58
d 2015 04 28 10 58 43 UCCL            34   260    58   467 2457140.95744 -24.61  -4.47
d 2015 04 29 09 17 27 KANZ             4    42     5    49 2457141.88712 -24.46  -4.38
d 2015 04 30 12 31 37 UCCL            16    53    17    52 2457143.02196 -24.27  -4.27
d 2015 05 01 11 41 30 UCCL            19   138    26   161 2457143.98715 -24.11  -4.17
d 2015 05 02 06 15 10 KANZ            69   374    68   361 2457144.76053 -23.97  -4.09
d 2015 05 03 00 30 00 MITA            96   509    75   397 2457145.52083 -23.82  -4.01
d 2015 05 04 07 16 40 UCCL           280  1305   171   797 2457146.80324 -23.58  -3.88
d 2015 05 05 07 52 44 UCCL           414  1732   285  1342 2457147.82829 -23.37  -3.78
d 2015 05 06 06 07 45 KANZ           421  2057   387  1901 2457148.75538 -23.18  -3.68
d 2015 05 07 06 07 10 KANZ           500  2435   415  2097 2457149.75498 -22.96  -3.57
d 2015 05 08 06 38 05 KANZ           505  2728   365  1985 2457150.77645 -22.73  -3.46
d 2015 05 09 06 54 37 KANZ           539  2828   339  1773 2457151.78793 -22.50  -3.35
d 2015 05 10 08 24 42 KANZ           585  3197   354  1882 2457152.85049 -22.25  -3.24
d 2015 05 11 05 27 52 KANZ           620  3271   362  1895 2457153.72769 -22.04  -3.14
d 2015 05 12 06 12 30 KANZ           559  3024   331  1749 2457154.75868 -21.78  -3.03
d 2015 05 13 13 34 52 KANZ           480  2649   298  1660 2457156.06588 -21.44  -2.88
d 2015 05 14 13 18 42 KANZ           377  2098   239  1367 2457157.05465 -21.18  -2.77
d 2015 05 15 07 37 06 UCCL           391  2104   274  1431 2457157.81743 -20.97  -2.69
d 2015 05 16 15 40 06 KANZ           233  1324   203  1140 2457159.15285 -20.60  -2.53
d 2015 05 17 06 32 37 KANZ           210  1147   198  1095 2457159.77265 -20.43  -2.46
d 2015 05 18 10 49 02 KANZ           118   733   119   868 2457160.95072 -20.08  -2.33
d 2015 05 19 06 02 06 KANZ            69   489    59   394 2457161.75146 -19.85  -2.24
d 2015 05 20 07 14 15 KANZ            59   363    52   295 2457162.80156 -19.53  -2.11
d 2015 05 21 09 27 14 UCCL            55   362    36   222 2457163.89391 -19.19  -1.99
d 2015 05 22 10 53 22 UCCL            95   453    53   253 2457164.95373 -18.86  -1.86
d 2015 05 23 10 31 57 UCCL           104   509    60   303 2457165.93885 -18.54  -1.75
d 2015 05 24 14 03 01 KANZ           138   548    96   369 2457167.08543 -18.17  -1.61
d 2015 05 25 06 01 09 KANZ            87   363    66   277 2457167.75080 -17.94  -1.53
d 2015 05 26 13 34 00 KANZ            37   166    39   155 2457169.06528 -17.50  -1.38
d 2015 05 27 08 56 05 KANZ            10    55    11   109 2457169.87228 -17.22  -1.28
d 2015 05 28 12 29 45 UCCL            15    83    20    98 2457171.02066 -16.82  -1.14
d 2015 05 29 06 14 29 KANZ            20   157    20   136 2457171.76006 -16.56  -1.05
d 2015 05 30 06 24 03 KANZ            23   189    16   128 2457172.76670 -16.20  -0.93
d 2015 05 31 00 21 00 MITA            27   201    16   125 2457173.51458 -15.92  -0.84
d 2015 06 01 12 00 49 KANZ            49   326    30   213 2457175.00057 -15.37  -0.67
d 2015 06 02 06 11 30 KANZ            73   378    42   232 2457175.75799 -15.09  -0.57
d 2015 06 03 10 45 10 KANZ            69   395    56   330 2457176.94803 -14.64  -0.43
d 2015 06 04 07 11 28 KANZ            99   620    98   569 2457177.79963 -14.31  -0.33
d 2015 06 05 06 13 10 KANZ           167   935   141   836 2457178.75914 -13.94  -0.21
d 2015 06 06 13 56 32 KANZ           227  1260   165   920 2457180.08093 -13.42  -0.05
d 2015 06 07 06 09 10 KANZ           245  1354   164   926 2457180.75637 -13.15   0.03
d 2015 06 08 07 15 24 KANZ           274  1546   166   937 2457181.80236 -12.73   0.16
d 2015 06 09 05 59 00 KANZ           205  1169   112   638 2457182.74931 -12.35   0.27
d 2015 06 10 08 24 58 KANZ           166   999    92   549 2457183.85067 -11.90   0.40
d 2015 06 11 07 25 34 KANZ           166   906    93   612 2457184.80942 -11.50   0.52
d 2015 06 12 06 10 29 KANZ           221  1228   170  1015 2457185.75728 -11.11   0.63
d 2015 06 13 08 16 42 KANZ           266  1228   264  1220 2457186.84493 -10.65   0.76
d 2015 06 14 06 58 20 KANZ           211  1085   163   865 2457187.79051 -10.25   0.88
d 2015 06 15 08 11 48 KANZ           226  1270   144   795 2457188.84153  -9.80   1.00
d 2015 06 16 08 56 36 UCCL           352  1713   288  1480 2457189.87264  -9.36   1.12
d 2015 06 17 15 16 53 UCCL           337  2316   273  1838 2457191.13672  -8.81   1.27
d 2015 06 18 13 29 53 KANZ           505  2783   349  1902 2457192.06242  -8.41   1.38
d 2015 06 19 07 29 49 CATA           690  3469   432  2200 2457192.81237  -8.08   1.47
d 2015 06 20 12 16 47 UCCL           730  3924   426  2288 2457194.01166  -7.56   1.61
d 2015 06 21 09 49 30 KANZ           614  3517   344  2008 2457194.90937  -7.16   1.72
d 2015 06 22 06 37 20 KANZ           530  3195   334  1973 2457195.77593  -6.78   1.82
d 2015 06 23 08 03 45 UCCL           438  2863   264  1900 2457196.83594  -6.30   1.94
d 2015 06 24 12 05 16 KANZ           294  1789   176  1073 2457198.00366  -5.78   2.08
d 2015 06 25 06 10 47 KANZ           279  1440   190   990 2457198.75749  -5.45   2.17
d 2015 06 26 09 04 28 KANZ           155   958   146   899 2457199.87810  -4.94   2.29
d 2015 06 27 07 18 19 KANZ            85   484   126   705 2457200.80439  -4.53   2.40
d 2015 06 28 10 31 53 KANZ            34   258    67   525 2457201.93881  -4.01   2.53
d 2015 06 29 11 07 14 UCCL            56   301    85   468 2457202.96336  -3.55   2.64
d 2015 06 30 06 36 03 UCCL            96   424   102   440 2457203.77503  -3.18   2.73
d 2015 07 01 12 36 54 KANZ           144   708   101   484 2457205.02562  -2.62   2.87
d 2015 07 02 06 10 09 KANZ           184   890   134   639 2457205.75705  -2.29   2.95
d 2015 07 03 14 19 41 KANZ           196  1055   124   674 2457207.09700  -1.68   3.10
d 2015 07 04 08 21 22 KANZ           218  1279   145   802 2457207.84817  -1.34   3.18
d 2015 07 05 06 00 50 KANZ           227  1201   140   705 2457208.75058  -0.93   3.28
d 2015 07 06 06 09 49 KANZ           387  1895   240  1153 2457209.75682  -0.47   3.39
d 2015 07 07 06 13 10 KANZ           369  1956   210  1233 2457210.75914  -0.02   3.49
d 2015 07 08 12 37 52 KANZ           401  2088   241  1312 2457212.02630   0.55   3.63
d 2015 07 09 13 24 47 KANZ           348  1941   214  1204 2457213.05888   1.02   3.73
d 2015 07 10 06 09 21 KANZ           358  1913   235  1218 2457213.75649   1.33   3.80
d 2015 07 11 07 29 51 KANZ           290  1636   202  1105 2457214.81240   1.81   3.91
d 2015 07 12 05 54 45 KANZ           238  1350   195  1124 2457215.74635   2.23   4.01
d 2015 07 13 01 10 00 MITA           170  1020   132   817 2457216.54861   2.59   4.09
d 2015 07 14 07 18 22 KANZ           130   652   121   610 2457217.80442   3.15   4.21
d 2015 07 15 06 07 56 KANZ            82   533    90   693 2457218.75551   3.57   4.30
d 2015 07 16 10 52 34 KANZ            90   557    63   401 2457219.95317   4.10   4.42
d 2015 07 17 06 14 30 KANZ            99   589    72   406 2457220.76007   4.45   4.50
d 2015 07 18 06 12 07 KANZ            94   534    63   363 2457221.75841   4.89   4.59
d 2015 07 19 13 20 28 KANZ            83   451    60   312 2457223.05588   5.46   4.71
d 2015 07 20 06 09 14 KANZ            87   445    45   237 2457223.75641   5.76   4.77
d 2015 07 21 09 50 57 KANZ            69   352    37   195 2457224.91038   6.26   4.88
d 2015 07 22 06 09 57 KANZ            28   239    17   138 2457225.75691   6.62   4.95
d 2015 07 23 07 33 41 KANZ            19   143    15    96 2457226.81506   7.08   5.05
d 2015 07 24 07 00 28 KANZ             8    73    12    96 2457227.79199   7.49   5.13
d 2015 07 25 08 57 43 KANZ            62   223    43   169 2457228.87341   7.95   5.22
d 2015 07 26 14 05 00 KANZ           132   660    74   369 2457230.08681   8.45   5.32
d 2015 07 27 14 54 56 UCCL           134   734    84   466 2457231.12148   8.88   5.41
d 2015 07 28 15 11 04 UCCL           100   793    72   512 2457232.13269   9.30   5.49
d 2015 07 29 07 00 00 UCCL           106   587    78   400 2457232.79167   9.57   5.54
d 2015 07 30 12 03 47 UCCL           128   607   116   551 2457234.00263  10.06   5.63
d 2015 07 31 12 13 36 KANZ           111   592    87   484 2457235.00944  10.46   5.71
d 2015 08 01 07 22 48 KANZ            88   555    76   451 2457235.80750  10.78   5.77
d 2015 08 02 08 48 40 UCCL            89   561    68   473 2457236.86713  11.20   5.84
d 2015 08 03 08 28 45 KANZ            79   535    48   322 2457237.85330  11.59   5.91
d 2015 08 04 06 08 40 KANZ           131   731    86   465 2457238.75602  11.94   5.98
d 2015 08 05 10 02 10 KANZ           231  1240   145   767 2457239.91817  12.39   6.06
d 2015 08 06 06 05 11 KANZ           374  1737   219  1039 2457240.75360  12.70   6.11
d 2015 08 07 06 11 08 KANZ           456  2374   266  1351 2457241.75773  13.08   6.18
d 2015 08 08 06 09 33 KANZ           437  2386   246  1338 2457242.75663  13.45   6.24
d 2015 08 09 06 29 16 KANZ           433  2208   257  1285 2457243.77032  13.83   6.30
d 2015 08 10 07 48 24 KANZ           388  1909   250  1238 2457244.82528  14.21   6.36
d 2015 08 11 09 06 04 KANZ           242  1273   203  1035 2457245.87921  14.59   6.42
d 2015 08 12 06 11 56 KANZ           150   835   143   832 2457246.75829  14.91   6.47
d 2015 08 13 06 41 26 KANZ            65   381    95   595 2457247.77877  15.26   6.53
d 2015 08 14 06 39 49 KANZ            80   360    60   264 2457248.77765  15.61   6.58
d 2015 08 15 07 47 51 KANZ            62   171    36    99 2457249.82490  15.97   6.63
d 2015 08 16 09 47 22 KANZ            23   143    14    77 2457250.90789  16.34   6.68
d 2015 08 17 08 04 15 ROME            14   123     7    65 2457251.83628  16.64   6.73
d 2015 08 18 07 35 54 KANZ             6   129    10   120 2457252.81660  16.97   6.77
d 2015 08 19 09 40 24 UCCL           102   362    79   296 2457253.90306  17.32   6.82
d 2015 08 20 07 24 23 KANZ           133   721   104   556 2457254.80860  17.61   6.85
d 2015 08 21 09 40 11 UCCL           277  1463   176   925 2457255.90291  17.95   6.90
d 2015 08 22 06 52 08 KANZ           333  1831   188  1037 2457256.78620  18.22   6.93
d 2015 08 23 07 04 45 KANZ           425  2582   228  1392 2457257.79497  18.53   6.96
d 2015 08 24 06 12 50 KANZ           633  3119   342  1687 2457258.75891  18.82   7.00
d 2015 08 25 06 23 44 KANZ           564  3102   323  1778 2457259.76648  19.11   7.03
d 2015 08 26 06 50 05 KANZ           462  2567   303  1676 2457260.78478  19.41   7.06
d 2015 08 27 06 42 54 KANZ           332  2042   266  1645 2457261.77979  19.69   7.08
d 2015 08 28 06 44 20 KANZ           205  1143   241  1314 2457262.78079  19.97   7.11
d 2015 08 29 06 15 43 KANZ            92   528   176  1067 2457263.76091  20.24   7.13
d 2015 08 30 06 03 04 KANZ            16   108    41   204 2457264.75213  20.50   7.15
d 2015 08 31 06 30 47 KANZ            31    97    22    68 2457265.77138  20.77   7.17
d 2015 09 01 11 13 51 KANZ            20   135    21   118 2457266.96795  21.07   7.19
d 2015 09 02 10 22 25 KANZ            40   179    37   155 2457267.93223  21.32   7.21
d 2015 09 03 10 42 03 KANZ            37    98    21    58 2457268.94587  21.56   7.22
d 2015 09 04 14 03 30 KANZ            20   100    18    79 2457270.08576  21.84   7.23
d 2015 09 05 04 32 00 MITA            16    96    14    84 2457270.68889  21.98   7.24
d 2015 09 06 06 06 09 KANZ            23   173    17   132 2457271.75427  22.22   7.24
d 2015 09 07 12 35 07 KANZ            41   213    26   141 2457273.02439  22.50   7.25
d 2015 09 08 08 11 01 KANZ            48   237    29   142 2457273.84098  22.68   7.25
d 2015 09 09 12 47 10 KANZ            48   193    24   105 2457275.03275  22.93   7.25
d 2015 09 10 10 55 16 KANZ            43   147    23    78 2457275.95505  23.12   7.25
d 2015 09 11 13 01 59 KANZ           179   618   116   470 2457277.04304  23.33   7.24
d 2015 09 12 14 33 42 KANZ           180  1126   126   797 2457278.10674  23.54   7.24
d 2015 09 13 06 01 13 KANZ           188  1071   181  1032 2457278.75084  23.66   7.23
d 2015 09 14 09 09 39 UCCL           174  1033   160   934 2457279.88170  23.86   7.22
d 2015 09 15 12 12 11 KANZ           199  1172   165  1000 2457281.00846  24.06   7.21
d 2015 09 16 10 07 29 KANZ           249  1436   179  1034 2457281.92186  24.21   7.19
d 2015 09 17 08 43 32 KANZ           316  1541   183   887 2457282.86356  24.37   7.18
d 2015 09 18 07 33 28 KANZ           292  1492   166   838 2457283.81491  24.51   7.16
d 2015 09 19 01 18 00 MITA           263  1480   151   856 2457284.55417  24.63   7.14
d 2015 09 20 13 01 38 KANZ           171  1146   134   995 2457286.04280  24.84   7.11
d 2015 09 21 08 37 22 UCCL           183  1231   163  1169 2457286.85928  24.95   7.09
d 2015 09 22 07 10 35 KANZ           198  1146   178  1071 2457287.79902  25.07   7.06
d 2015 09 23 00 53 00 MITA           183  1217   142   971 2457288.53681  25.17   7.04
d 2015 09 24 14 42 19 UCCL           224  1381   152   952 2457290.11272  25.35   6.99
d 2015 09 25 13 47 29 UCCL           411  2210   251  1360 2457291.07464  25.46   6.96
d 2015 09 26 12 33 55 KANZ           459  2641   254  1435 2457292.02355  25.55   6.93
d 2015 09 27 06 16 02 KANZ           485  2568   279  1445 2457292.76113  25.62   6.90
d 2015 09 28 07 48 51 KANZ           534  2752   375  1846 2457293.82559  25.72   6.86
d 2015 09 29 07 35 04 KANZ           541  2769   361  1915 2457294.81602  25.80   6.82
d 2015 09 30 13 15 00 UCCL           464  2572   365  2020 2457296.05208  25.90   6.76
d 2015 10 01 09 53 11 UCCL           270  1703   237  1538 2457296.91193  25.96   6.72
d 2015 10 02 08 39 33 UCCL           158  1052   172  1450 2457297.86080  26.02   6.68
d 2015 10 03 11 40 45 KANZ            69   560    65   677 2457298.98663  26.08   6.62
d 2015 10 04 13 31 53 KANZ            56   376    36   239 2457300.06381  26.13   6.57
d 2015 10 05 07 07 01 KANZ            33   235    25   176 2457300.79654  26.16   6.53
d 2015 10 06 14 13 07 UCCL            25   155    31   180 2457302.09244  26.21   6.45
d 2015 10 07 00 22 00 MITA            15   120    22   172 2457302.51528  26.22   6.43
d 2015 10 08 01 19 00 MITA            10    65    31   174 2457303.55486  26.24   6.37
d 2015 10 09 08 55 53 KANZ             6    59     6    47 2457304.87214  26.26   6.29
d 2015 10 10 04 59 01 SHMI             5    53     4   108 2457305.70765   0.07   6.23
d 2015 10 11 13 54 33 KANZ            16    76    19    86 2457307.07955  26.27   6.15
d 2015 10 12 06 31 48 KANZ            44   138    34   121 2457307.77208  26.26   6.10
d 2015 10 13 00 12 00 MITA            37   211    31   170 2457308.50833  26.25   6.05
d 2015 10 14 00 58 00 MITA            46   320    50   342 2457309.54028  26.23   5.98
d 2015 10 15 00 26 00 MITA            58   411    45   335 2457310.51806  26.20   5.91
d 2015 10 16 12 30 09 KANZ           104   574    67   416 2457312.02094  26.14   5.80
d 2015 10 17 11 55 31 KANZ           130   815   105   701 2457312.99689  26.10   5.72
d 2015 10 18 10 59 48 KANZ           164  1002   130   848 2457313.95819  26.04   5.65
d 2015 10 19 00 10 00 MITA           174  1193   138   920 2457314.50694  26.01   5.60
d 2015 10 20 07 37 08 KANZ           256  1510   163   949 2457315.81745  25.92   5.50
d 2015 10 21 06 44 20 KANZ           250  1446   144   830 2457316.78079  25.85   5.42
d 2015 10 22 06 48 50 KANZ           273  1482   150   874 2457317.78391  25.76   5.33
d 2015 10 23 07 41 08 KANZ           190  1204   115   715 2457318.82023  25.67   5.24
d 2015 10 24 06 53 13 KANZ           136   800    90   468 2457319.78696  25.57   5.16
d 2015 10 25 08 46 20 KANZ           122   699    70   412 2457320.86551  25.46   5.06
d 2015 10 26 13 02 26 KANZ            89   577    56   371 2457322.04336  25.32   4.95
d 2015 10 27 11 05 20 KANZ            79   394    55   295 2457322.96204  25.21   4.87
d 2015 10 28 07 13 29 KANZ           107   357    83   542 2457323.80103  25.10   4.79
d 2015 10 29 11 53 52 UCCL           116   609   135   941 2457324.99574  24.93   4.68
d 2015 10 30 02 28 00 MITA           137   723   142   825 2457325.60278  24.84   4.62
d 2015 10 31 07 28 19 KANZ           253  1367   208  1111 2457326.81133  24.66   4.50
d 2015 11 01 10 30 53 KANZ           360  2028   227  1270 2457327.93811  24.47   4.39
d 2015 11 02 08 02 31 KANZ           538  2469   324  1470 2457328.83508  24.32   4.30
d 2015 11 03 09 01 41 KANZ           423  2375   258  1416 2457329.87617  24.14   4.19
d 2015 11 04 07 29 34 KANZ           326  1793   220  1361 2457330.81220  23.96   4.09
d 2015 11 05 07 30 25 KANZ           251  1217   161   804 2457331.81279  23.77   3.99
d 2015 11 06 07 35 30 KANZ           167   960   112   664 2457332.81632  23.57   3.88
d 2015 11 07 13 32 37 KANZ           167  1009   159   895 2457334.06432  23.31   3.74
d 2015 11 08 07 27 41 KANZ           172   981   139   833 2457334.81089  23.14   3.66
d 2015 11 09 07 53 31 KANZ           153   748   120   611 2457335.82883  22.91   3.55
d 2015 11 10 12 30 45 KANZ           111   527    63   415 2457337.02135  22.64   3.42
d 2015 11 11 07 52 55 KANZ            43   288    22   155 2457337.82841  22.44   3.33
d 2015 11 12 07 42 43 KANZ            28   156    16    87 2457338.82133  22.20   3.21
d 2015 11 13 07 57 33 KANZ            44   183    28   112 2457339.83163  21.94   3.10
d 2015 11 14 10 47 21 KANZ            20   114    13    70 2457340.94955  21.64   2.97
d 2015 11 15 08 01 55 KANZ            35   193    25   128 2457341.83466  21.40   2.87
d 2015 11 16 08 37 32 KANZ            18   186    10   112 2457342.85940  21.12   2.75
d 2015 11 17 10 47 45 KANZ            38   253    19   131 2457343.94983  20.80   2.62
d 2015 11 18 09 47 57 KANZ            43   250    21   129 2457344.90830  20.52   2.50
d 2015 11 19 07 28 07 KANZ            63   256    43   201 2457345.81119  20.25   2.40
d 2015 11 20 09 32 35 KANZ            47   343    56   342 2457346.89763  19.92   2.26
d 2015 11 21 00 27 00 MITA            92   483    76   409 2457347.51875  19.72   2.19
d 2015 11 22 12 25 16 KANZ           222   723   181   641 2457349.01755  19.24   2.01
d 2015 11 23 09 04 36 KANZ           110   568    94   516 2457349.87819  18.96   1.90
d 2015 11 24 04 17 00 MITA            85   558    65   436 2457350.67847  18.69   1.80
d 2015 11 25 07 52 47 KANZ           102   555    71   364 2457351.82832  18.30   1.66
d 2015 11 26 09 44 49 UCCL           137   669    83   382 2457352.90612  17.92   1.53
d 2015 11 27 08 25 01 KANZ           101   487    56   263 2457353.85071  17.58   1.41
d 2015 11 28 12 58 23 KANZ            78   331    41   175 2457355.04054  17.15   1.26
d 2015 11 29 08 22 47 KANZ            96   341    52   185 2457355.84916  16.85   1.16
d 2015 11 30 10 13 47 KANZ            69   324    41   190 2457356.92624  16.45   1.02
d 2015 12 01 11 27 41 KANZ            46   203    29   132 2457357.97756  16.05   0.89
d 2015 12 02 08 41 31 KANZ            31   138    26   109 2457358.86216  15.71   0.77
d 2015 12 03 08 16 17 KANZ            12    82    24   158 2457359.84464  15.32   0.65
d 2015 12 04 07 51 09 KANZ            35   182    50   248 2457360.82719  14.93   0.52
d 2015 12 05 08 32 45 KANZ            84   337    89   328 2457361.85608  14.51   0.39
d 2015 12 06 09 05 22 KANZ            76   322    55   292 2457362.87873  14.09   0.26
d 2015 12 07 08 06 53 KANZ            79   323    55   229 2457363.83811  13.70   0.14
d 2015 12 08 08 29 56 KANZ            63   359    39   237 2457364.85412  13.27   0.01
d 2015 12 09 10 43 54 KANZ           109   557    62   374 2457365.94715  12.81  -0.13
d 2015 12 10 08 17 39 KANZ           102   498    66   372 2457366.84559  12.42  -0.25
d 2015 12 11 07 56 20 KANZ           109   491    65   308 2457367.83079  11.99  -0.37
d 2015 12 12 02 23 00 MITA            69   375    42   294 2457368.59931  11.66  -0.47
d 2015 12 13 08 59 29 KANZ            91   571   129   983 2457369.87464  11.09  -0.64
d 2015 12 14 08 07 29 KANZ           176   857   216   994 2457370.83853  10.66  -0.76
d 2015 12 15 08 04 59 KANZ           223  1219   180   982 2457371.83679  10.21  -0.89
d 2015 12 16 09 25 15 KANZ           228  1445   146   930 2457372.89253   9.73  -1.02
d 2015 12 17 09 56 50 KANZ           224  1510   126   851 2457373.91447   9.26  -1.15
d 2015 12 18 08 45 33 KANZ           252  1460   133   774 2457374.86497   8.83  -1.27
d 2015 12 19 08 24 19 KANZ           204  1365   105   709 2457375.85022   8.37  -1.39
d 2015 12 20 08 26 15 KANZ           205  1071   109   574 2457376.85156   7.90  -1.52
d 2015 12 21 09 58 30 KANZ           154  1003    91   797 2457377.91563   7.40  -1.65
d 2015 12 22 12 51 37 KANZ           288  1406   332  1459 2457379.03584   6.88  -1.79
d 2015 12 23 08 40 35 KANZ           308  1666   297  1611 2457379.86152   6.48  -1.90
d 2015 12 24 09 49 12 KANZ           342  1901   294  1645 2457380.90917   5.99  -2.03
d 2015 12 25 11 32 34 KANZ           320  1898   282  1549 2457381.98095   5.47  -2.16
d 2015 12 26 08 13 37 KANZ           313  1578   176   872 2457382.84279   5.06  -2.26
d 2015 12 27 08 23 33 KANZ           262  1308   139   689 2457383.84969   4.58  -2.39
d 2015 12 28 08 03 42 KANZ           271  1347   143   711 2457384.83590   4.10  -2.51
d 2015 12 29 07 56 27 KANZ           175   957    97   544 2457385.83087   3.62  -2.63
d 2015 12 30 10 29 17 UCCL           111   593    78   406 2457386.93700   3.09  -2.76
d 2015 12 31 13 05 05 KANZ            57   279    54   261 2457388.04520   2.55  -2.89
